10101001
11001100
00110011
01100110
11110000
00001111
10011001
01101110
01010101
10110110
10101001
11001100
00110011
01100110
11110000
00001111
10011001
01101110
01010101
10110110
10101001
11001100
00110011
01100110
11110000
00001111
10011001
01101110
01010101
10110110
10101001
11001100
00110011
01100110
11110000
00001111
10011001
01101110
01010101
10110110
10101001
11001100
00110011
01100110
11110000
00001111
10011001
01101110
01010101
10110110
10101001
11001100
00110011
01100110
11110000
00001111
10011001
01101110
01010101
10110110
10101001
11001100
00110011
01100110
11110000
00001111
10011001
01101110
01010101
10110110
10101001
11001100
00110011
01100110
11110000
00001111
10011001
01101110
01010101
10110110
10101001
11001100
00110011
01100110
11110000
00001111
10011001
01101110
01010101
10110110
10101001
11001100
00110011
01100110
11110000
00001111
10011001
01101110
01010101
10110110
10101001
11001100
00110011
01100110
11110000
00001111
10011001
01101110
01010101
10110110
10101001
11001100
00110011
01100110
11110000
00001111
10011001
01101110
01010101
10110110
10101001
11001100
00110011
01100110
11110000
00001111
10011001
01101110
01010101
10110110
10101001
11001100
00110011
01100110
11110000
00001111
10011001
01101110
01010101
10110110
10101001
11001100
00110011
01100110
11110000
00001111
10011001
01101110
01010101
10110110
10101001
11001100
00110011
01100110
11110000
00001111
10011001
01101110
01010101
10110110
10101001
11001100
00110011
01100110
11110000
00001111
10011001
01101110
01010101
10110110
10101001
11001100
00110011
01100110
11110000
00001111
10011001
01101110
01010101
10110110
10101001
11001100
00110011
01100110
11110000
00001111
10011001
01101110
01010101
10110110
10101001
11001100
00110011
01100110
11110000
00001111
10011001
01101110
01010101
10110110
10101001
11001100
00110011
01100110
11110000
00001111
10011001
01101110
01010101
10110110
10101001
11001100
00110011
01100110
11110000
00001111
10011001
01101110
01010101
10110110
10101001
11001100
00110011
01100110
11110000
00001111
10011001
01101110
01010101
10110110
10101001
11001100
00110011
01100110
11110000
00001111
10011001
01101110
01010101
10110110
10101001
11001100
00110011
01100110
11110000
00001111
10011001
01101110
01010101
10110110
10101001
11001100
00110011
01100110
00110011